70232
1227
5367944
29697
0
149994
3440861
4775853
1056452
100207
11244
151525
15360
698601
3124
78454
724950
381500
27010800
3662788
2811
7707
13772
534
7064
8565
934990
12357
4770
19157
28125
61971
13314
177956
84388
5278
0
2054
56809
5737
929682
32348
9831847
2118
294968
165818
159655
3116652
119848
344699
19287461
6236
380128
16645
24212
321
1064144
2085632
0
55986
253892
1596
1096103
6936
13000
288
195579
7131
940193
52537
2641
42068
310011
2051
1042
2194277
37114
87877
2610
16852
12829
144593
99374
574
745149
26807
18725
9444
2816221
19879
2514200610
44647200
65537
13764
14
37666
49896
15864
5950
20866
54000
