70212
859
5367921
43162
0
155246
3550395
4776964
1113431
105329
11787
165426
17383
730901
3510
87498
765689
380065
27010800
3662362
2507
7764
8599
622
7048
9468
934828
13228
4737
19482
25441
64281
11266
175698
99267
3429
0
2685
59558
8588
972353
33229
9830837
3439
310508
171315
175666
3115297
125607
348030
20221250
6384
428479
14472
24707
471
1092358
2085140
469800
57632
253930
1308
1151040
6284
11297
79
204885
5477
939975
52879
2502
46449
309794
2171
410
2261838
45300
91936
2428
17523
10017
146579
104321
390
851584
26942
19232
8316
2932097
19527
2591307045
44647200
72161
18606
28
39105
45756
14145
5251
20902
48604
130778
33171
9824
6420
1300
8
10786438
218668
15848
43322
95879
6661
6653
280218
37415
9061
221402
305829
306709
535
120008
124207
260967
847452
37539
25177
6092
58250
80137
0
6267
145838
9214
238616
0
36095
22
815400
1006192
28305
585
220690
1388019
9381
9336
547246
16453
318866
142120
95545
30325
77448
48665
716086
21458619
600
5038
104029
10477
83966
4096693
129469
6338
0
2977
291547
9114
3163
23789
23802
6275
2596423
4439639
4228505
296905
254
116465
140
2273837
143164
267922
7
25704
7129
11052
1745
308
347115
24211
82779
223307
845684
211498
7120172
2225313
160
72511
525486
95
3621983
109751
5593
77758
39852
471365
12847630
1468
1944254
2481
838144
3745936
15120
4687
43869
14317
10512217
2144
8066
21922
322371
11562
28915
8856
127545
114048
2435403
1351035
24596
1068
896401
3772784
316728
248142
14077
1636685
92155
48472
7843
1262
23565
756020
67343
22222
2033
138025
15547
24351
22266
856872
1572
22
42311
358388
3477600
5400
832075
43200
481
1532242
770
3028
754009
6998
2193282
207035
103598
3013226
113808
47677
35524
1739743
62200
771
1414
437516
646
5069
582999
3140
206677
14142
83512
191609
61788
678387
4789
148314
4830705
10276201
61431
74
468027
41013
8477
2398309
1557785
22179
169
12130
16213
3735
206966
22999
1598700
310519
559850
99802
50124
458167
1706400
82535
4694
155703
39043
114
16049
19859
115439
563
11830
74397
65733
1
513185
9423
998263
22687
20845
2020
64216
28545
2063530
3521
482355
5126
6130
11083
0
67905
13989
180077
450
13334
11673
186023
1260583
68304
18449
19774
582687
71634
7747
14175228
26703
165542
15906
45710
40926
18605
262335
61
256351
15584
26462
6415
1223
80856
7084
22059
642623
8340
13837
4415
6523930
36644
10346
451
251
3036
64847
974402
102575
51611
90787
335715
24032
7856
3047243
1245
786579
115640
17335
141073
38078
82
4761
988
12315
271059
23832
84113
339
455089
828276
11922
186097
5137934
59965
195186
8120
91921
30074
91780
971
61514
72013
9
37140
6973
146424
3762
152927
182660
475647
754153
360018
2819
113
0
455115
58205
26817
12129
94006
60919
38625
110437
0
5400
187343
125124
3707
42059
779513
4525
438157
29753
26061
5445
171899
24588
21484
2824
844
345856
86502
125603
375638
185551
1785
168590
102630
205
160023
283509
5381989
37835
21616
9065
10908313
124435
14093
453667
2552479
51959
33915
68285
26198
5167
15054
488357
36225
1695
499
13460
335010
1047658
53089
26013
2003589
4384
18985
145084
2501847
7512279
1620501
233175
43362
259289
4626
265
69986
861758
30941
328
40096
9796
2026306
344789
13316
923458
51408
101809
2885
1278683
2270
81713
951064
5420
7007
86731
25710
174303
4773600
552
276505
18838
155186
89110
303978
211294
897085
524223
31768
458437
50488
32324
334
4567056
22679
2643
551144
33544
24751
8354
946
264978
88081
106370
6338
28458
7754
90755
19376
28903
7726
5327
5559829
855930
1896
11068226
956382
7605051
5047
30267
10497
55056
73017
4050
35335
1148675
0
2269552
734776
94340
2053083
528127
577824
2770
5286
54780
9385
4965189
24115694
247370
4334
54047
169997
101808
138216
38530
10
469810
7730936
36679
27435
67963
5836
471643
3008
16709
15249
1365903
48853
9697
3629
988201
188864
9859
25665
6154
2732407
239359
16797
6297
2268
4784504
12768152
9463
2665
309160
243016
31884905
64801
152469
41256000
36093
1103290
2582
4747238
13948
13749
46144
469479
156863
55601
9619
1483968
3323
5441
59400
84046
47957
94872
49924
546415
0
815206
42
15199
83075
29726
105786
1006
563
4640
187303
2724
307888
2170
8282
5467
112
58613
14348114
7851972
26690
725544
54214
799308
68210
166457
83729
0
7020
113934
149369
143681
298551
33672
680711
136799
19506
895890
83893
2694
163
45661
431597
3862495
794
2218994
2191
6577
13788
8107
18903
87411
817118
18223
305675
56576
162781
17972
39511
3543416
56636819
16119782
2801
8089
165434
1674694
52863
117188
13018
3113
7547904
2979350
876
11470
270
77876
16579
8831
697060
32816
19300
102601
226213
398
5387
248
4338
12475
3979800
5675
147546
65047
124631
6212
12
243000
124207
316985
73425
39358
1007
538465
345
3117
2689439
124206
70551
25189
989
15686
288281
490
3818
8569
5016131
44091
7437
12809
13336
33592
6159
1244088
32620
11756
17740
49
5812288
295041
564503
5043743
99944
154120
111580
114
0
257735
431
577800
61463
102059
18481
43180
332067
3795929
198734
2160
2114
4279
295993
8343
27469800
8693
16443
188571
51
1625853
7935
313597
23296
1065
340244
2353
12098
762710
9559672
1226027
590
1808
1456200
368346
24352
497006
1814400
0
53958
399
313213
934261
191184
64307
122080
44621
70185
31080
5978329
33397
2900177
11728
1737
111939
100713
47564
5756076
0
233154
87333
25943
841929
56308
2348
3871236
150863
463496
378
4104
8410
6697244
30912
3668948
149466
3834
37463
44284
4309
590
376776
86199
5546
107811
13195
7001
25801
657054
17106
2084989
248
84916
28700
2274
178320
3168
1091
57880
115415
514801
15049
1208554
13208
1911
6434
12895576
25576
586
574064
5183
516457
13090
99127
4186
97642
565
89892
49023
16681
2338
4195
22
7808519
725575
1560851
5210
4222
15783
1016665
191247
1900
14491
2232
2841
0
12565
54005
1126028
16061
29404
83536
26671
17754
118807
74110
504540
12799
44810
222446
5902516
1530
2819
169322
14497
707816
6809
51276
68870
1524979
192151
199397
51528
310
41196
4853
127078
6264
5261580
16922056
81
18210
8225
203
585
1428572
136467
4339498
1318707
1571529
55266
77094
7364
112697
748463
1748
5749
259857
24358
4277257
24003
75835
162009
1047666
6877
1669
866
3974
211333
3593
1010
327
13622521
20386
122726
18550
821725
2968
469856
59065
171113
19587
68477
14045
21077
1031953
104089
20739
1
95309
55157
1333
60852
9788574
563343
20775
1191325
167823
156934
45
48847
4633294
730533
17699
36864
278
24988
1267345
14889829
22414
190
2391
48601
0
10664
210619
19685
148935
54834
316986
120838
35025
2799
4341
6186
50670
29756
1261
101731
38078
155940
11946
117181
25
111476
109035
25199
1766986
13732
1126423
37248
842545
894
14176
626401
1305573
8523
47917
102
329431
77216
16670
30588
35720
12707
1213910
9726
83867
15485
214545
6235
3009
2345527
20942
784646
11349598
73570
17092
642
1111371
24939
938799
609
12134
915
679369
65518
501845
42934
171036
686246
59720
45482
8714
178210
13700
8095
20076
3
2687
1565325
19504803
63734
88136
283
252485
46374
7245
5550
497217
118598
242182
144856
663768
21190
594408
18866
30331
32515
16242
57377
86688
132650
56367
1554
1409400
14151
176530
43013
28594
2301589
50431
4489
64613
12696
7915
60753
25456
13004
59194
47966
34437
7902
9751
595
17243
58204
5468
91676
2055
14727
679431
8383033
6836
468
10343978
43923693
4838402
1244
858061
1588873
139821
39136
1998
800448
87442
440505
12321
3511
70873
1909
12334
111377
31517
67728
17707
10353
205044
7658
971197
4991239
28834
64210
186820
15572
897523
7503
163438
112500
6318476
260900
1980
25
190743
3667
24759
2938
35262
38052
647
3245524
56361
533705
12313
14218
344364
149670
5797
26926
75
16219
52739
5400
1458324
11945
30407
79356
29329
80587
4967456
1275313
137369
124231
312379
98453
59938
6815
9799922
41978
133074
6941
23832
8
13293
45529
54707
344434
163764
68812
2036466
38493
490797
333994
1854
24648
450911
6690943
5749235
979
322262
16244
794007
157
4476704
60334
335376
0
4414
2398
7510
795355
5097
11514754
23500
278270
2018
7195331
7745
24543
149
214370
51447
10
34135
1452643
518149
17313
578
8028
12
33544
12470
0
131496
31703
27305
102392
1604913
327732
1968
3307
31158
508
245457
343115
73088
210113
30206
1134344
1474343
916263
3013931
21836
2624566
6018
106
11041
5206
9101
103096
94643
2823
11002
18790
148523
17845
1212
750666
1926
2640901
171585
706
97669
29058
275167
38195637
102920
163775
26196
195274
62185
6481351
2075
180383
175252
8489
465232
0
49033
23242
198
21610
3814
23082
23264
467
13121
4817035
15493
1996
52830
105985
2569
13285
0
2416
201
5400
21906
386837
1070785
1680029
71486
27056
1496820
54020
433476
106909
172
88190
45291
25153
1225652
2091
1693
368462
92292
23439
418037
613
360885
892
8514
9926
17867
173788
2877
166716
26118
8607
32453
177842
139396
249071
538402
896788
2997727
7053
408143
104134
130567
65233
5496
42796
26717
29
28859
6032
9641
1192
823295
54384
184918
3296
729104
1824
192084
51173
10107
17707
160472
167538
27757
619
48699
27857
1192
102600
25377
2153
2809
18842
1002
6701
31271
5084
109419
1717
1000002
60106
3273
307681
188162
782554
179532
366296
24057
206854
41499
703913
2721685
163738
82696
31970
515
13090
759696
120806
397
3982
134099
158156
25934
148664
5019
76215
3223
108017
415990
3462
3588
27012
10453
2268
713757
1010
3581
3115659
5608
217583
13950
3753
96332
26204
25506
14251
643375
915327
1948
2059077
28884
268
391
128359
2451737
27840
0
258725
77331
1835998
486710
181642
60525
34344
31333
7884
20929
3335
68351
272463
27835
29202
3469
1704897
8054
425745
2
284474
16234
31768
2294
777642
51336
63794
1599
5757271
35640
578002
54253
45637
202055
141174
1996
13859
2408
1630900
0
1641882
126366
62849
6955
168
397238
17564
0
3466288
1171800
24300
96797
53087
17198
28895
298280
67274
11992
5410839
5293
807041
117980
202154
233452
2258199
10800
4248
7940
1058124
492017
15531
58960
8452
8653
16853
12628
57013
301
184433
4271
7199
2317
3025
86411
664
2911656
2781348
10241
10054865
122007
41607
448
1292056
31301
22671
354855
23252
18717
89853
4685
13866
140042
48062
39201
2755
282471
91044
25311
2367784
2338244
206556
23951
34755
3492
165777
364082
11079
607
235037
11076302
130430
6193924
8
102390
3022
55671
36449
5031
26
19069
527994
831222
275969
74734
3274
6733
350237
5810
2129
92062
221813
2871
43707
296678
5685
22414
5771
298002
130656
113392
49748
826389
13124
275655
40409
1436932
2186
53799
15537
16363
4870
8579
28724
28274
898520
82
133061
1262
55006
23907
4821
96906
35637
805
744
809
5323930
96447
6139
264074
7180
53308
11000
6453
4982
394209
19260
3028
43305
33051
92288
22641
11595956
3593213
11
2695
535070
2851
467
76972
8329
24
345997
61881
1196234
17945
5136
25564
97824
5392168
398993
8829
6744
114818
851330
466261
1296
13594434
1570835
7400
68920
1377
236974
7396
2660
81
11729340
36114
35417
395
6706
178040
29011
5631
2550
350040
4422025
8963
383403
236344
109666
114495
1753847
112601
110300
1247
504926
23812
170247
338948
30272
34596
95223
5633213
15589
3682622
18184
9864
8064
7501
1277
1590
366809
42
39625
58471
375797
9586799
24784
439
2834515
48453
71920
500106
28912
7128
33214
50017
882916
101517
8225
6512
30330
196449
6305
7914
8701
28600
4757465
32609
1922936
31751
641
25105
5343
6297
341
1927800
2101459
7710
98329
1648756
253
182147
14988
29491
52362
1
17213
226807
17891
15433
3317
991
7719
1952
21126
3399
26319
42702
1462
66408
17460
406874
9706
51121
2514
7096851
1009
18016
95950
119
896279
669463
10883
0
5013
62677
6012
60320
304
27464
29416
1460762
2971
372786
2317014
68532
442012
21823
3561
431
1412
5423503
19161
784149
239571
112505
54458
80947
5954
149933
2184
10907
1176
230550
478816
1246718
40673
77124
176
141
328792
13539
291161
662
16254
34853
12325
2777
687976
10367
20433
5484
77236
250017
139865
263446
45022
1486
33908
3882730
15401
472
11
33
16285
28046467
214542
93106
86735
826791
34785
48305
99245
65999
2775
93179
54095
784214
414758
18755
9873
39821
13546
36
13297
1442
867
187261
5557520
16546458
65
11297
160421
53601
63043
165
20374
1
180564
194854
4034407
38416
30873
55637
324
119705
6797
20665
18573
29136
2954714
480769
51771
7111
2327666
75
218619
0
860158
12782
351438
628074
453728
1208981
15929
34726
20860
1210842
111119
185518
405584
14990821
2147
648807
486087
41319
86775
3985200
3988
451
53
7877
25203
107775
6150
1918
7451
1159
22046
930741
12727
916
732215
14464
25184
1580
68658
626435
63082
2752
1206
1721
178133
135356143
594
111288
1792
1071
1199232
1538
610
10923
54182
